  Daily Lake Average Surface Water Temperature
                     From
 Great Lakes Surface Environmental Analysis maps

--------------------------------------------------------
                  Surf. Water Temp. (degrees C)

Year Day    Sup.   Mich.   Huron    Erie    Ont.  St.Clr
--------------------------------------------------------

2018 001    2.47    3.11    2.24    1.28    3.29    0.21
2018 002    2.37    2.98    2.11    1.23    2.98    0.21
2018 003    2.24    2.90    1.96    0.99    2.79    0.21
2018 004    2.19    2.87    2.02    0.61    3.03    0.21
2018 005    2.03    2.65    1.81    0.41    2.82    0.21
2018 006    1.94    2.56    1.72    0.20    2.69    0.21
2018 007    1.78    2.67    1.72    0.20    2.35    0.21
2018 008    1.86    2.66    1.67    0.36    2.58    0.21
2018 009    1.90    2.72    1.69    0.37    2.64    0.21
2018 010    1.89    2.66    1.77    0.39    2.67    0.21
2018 011    1.86    2.70    1.66    0.20    2.66    0.21
2018 012    1.82    2.65    1.59    0.49    2.67    0.21
2018 013    1.74    2.47    1.47    0.29    2.59    0.21
2018 014    1.66    2.34    1.41    0.24    2.38    0.21
2018 015    1.61    2.39    1.36    0.22    2.26    0.21
2018 016    1.56    2.33    1.24    0.21    2.18    0.21
2018 017    1.69    2.33    1.24    0.23    2.28    0.21
2018 018    1.75    2.45    1.33    0.25    2.42    0.21
2018 019    1.72    2.39    1.23    0.20    2.56    0.21
2018 020    1.68    2.43    1.26    0.20    2.61    0.21
2018 021    1.65    2.45    1.32    0.20    2.55    0.21
2018 022    1.59    2.44    1.29    0.21    2.52    0.21
2018 023    1.53    2.40    1.25    0.21    2.48    0.21
2018 024    1.51    2.37    1.09    0.20    2.43    0.21
2018 025    1.47    2.36    1.11    0.20    2.39    0.31
2018 026    1.36    2.45    1.22    0.43    2.33    0.21
2018 027    1.38    2.42    1.26    0.45    2.40    0.21
2018 028    1.40    2.38    1.32    0.46    2.49    0.21
2018 029    1.35    2.34    1.24    0.41    2.41    0.21
2018 030    1.28    2.28    1.11    0.37    2.34    0.21
2018 031    1.19    2.24    1.14    0.21    2.34    0.21
2018 032    1.20    2.20    1.15    0.37    2.36    0.33
2018 033    1.12    2.08    1.01    0.41    2.29    0.21
2018 034    0.88    2.03    0.97    0.43    2.27    0.21
2018 035    0.76    1.86    0.89    0.20    2.22    0.21
2018 036    0.62    1.66    0.68    0.20    2.14    0.21
2018 037    0.50    1.58    0.74    0.20    2.06    0.21
2018 038    0.48    1.42    0.42    0.20    1.99    0.21
2018 039    0.44    1.35    0.53    0.20    1.87    0.21
2018 040    0.41    1.26    0.53    0.20    1.83    0.21
2018 041    0.35    1.25    0.49    0.20    1.86    0.21
2018 042    0.29    1.11    0.39    0.20    1.90    0.23
2018 043    0.32    1.35    0.38    0.20    1.89    0.21
2018 044    0.35    1.41    0.39    0.20    1.71    0.21
2018 045    0.32    1.58    0.48    0.20    1.87    0.21
2018 046    0.30    1.56    0.45    0.20    2.02    0.21
2018 047    0.30    1.57    0.44    0.20    2.02    0.21
2018 048    0.39    1.61    0.48    0.20    2.01    0.21
2018 049    0.39    1.65    0.62    0.20    2.05    0.21
2018 050    0.38    1.61    0.55    0.38    2.10    0.21
2018 051    0.30    1.73    0.49    0.40    2.14    0.21
2018 052    0.30    1.76    0.73    0.44    2.17    0.21
2018 053    0.24    1.63    0.64    0.22    2.16    0.21
2018 054    0.24    1.63    0.63    0.20    2.17    0.21
2018 055    0.26    1.77    0.73    0.20    2.22    0.21
2018 056    0.26    1.79    0.81    0.61    2.27    0.84
2018 057    0.32    1.86    0.85    0.72    2.25    0.68
2018 058    0.34    1.90    0.90    0.88    2.24    1.00
2018 059    0.33    1.95    0.95    0.89    2.25    1.38
2018 060    0.32    1.92    0.92    0.96    2.25    0.61
2018 061    0.30    1.89    0.86    0.98    2.27    0.88
2018 062    0.24    1.86    0.87    1.03    2.27    1.71
2018 063    0.26    1.83    0.89    1.08    2.25    1.77
2018 064    0.26    1.79    0.85    1.07    2.20    1.80
2018 065    0.27    1.80    0.84    1.05    2.21    1.80
2018 066    0.29    1.80    0.88    1.05    2.18    1.80
2018 067    0.31    1.74    0.80    1.06    2.17    1.79
2018 068    0.32    1.70    0.81    1.02    2.16    1.70
2018 069    0.33    1.74    0.81    0.97    2.11    1.58
2018 070    0.32    1.74    0.82    0.97    2.08    1.52
2018 071    0.31    1.76    0.85    0.99    2.09    1.58
2018 072    0.33    1.77    0.88    1.05    2.16    1.65
2018 073    0.35    1.86    0.92    1.11    2.20    1.64
2018 074    0.41    1.95    0.89    1.15    2.22    1.67
2018 075    0.41    1.97    0.97    1.20    2.26    1.68
2018 076    0.40    2.08    0.98    1.27    2.32    1.82
2018 077    0.40    2.14    1.00    1.36    2.28    2.02
2018 078    0.38    2.07    0.94    1.36    2.30    2.13
2018 079    0.34    2.02    0.91    1.31    2.26    2.12
2018 080    0.32    1.99    0.91    1.35    2.26    2.14
2018 081    0.30    2.06    0.90    1.44    2.32    2.18
2018 082    0.28    2.11    1.01    1.55    2.36    2.21
2018 083    0.24    2.10    1.09    1.63    2.45    2.20
2018 084    0.23    2.02    1.08    1.69    2.51    2.24
2018 085    0.34    2.04    1.13    1.69    2.57    2.30
2018 086    0.45    2.11    1.12    1.67    2.61    2.35
2018 087    0.43    2.12    1.13    1.68    2.58    2.41
2018 088    0.42    2.10    1.08    1.71    2.57    2.53
2018 089    0.44    2.04    1.06    1.83    2.59    2.67
2018 090    0.46    2.09    1.08    1.93    2.61    2.76
2018 091    0.45    2.09    1.08    2.03    2.55    2.80
2018 092    0.48    2.09    1.10    2.09    2.55    2.84
2018 093    0.50    2.11    1.13    2.12    2.57    2.86
2018 094    0.44    2.09    1.08    2.18    2.63    2.89
2018 095    0.52    2.11    1.11    2.25    2.68    2.89
2018 096    0.47    2.16    1.04    2.26    2.59    2.89
2018 097    0.49    2.20    1.02    2.28    2.53    2.90
2018 098    0.49    2.16    1.00    2.28    2.48    2.92
2018 099    0.25    2.14    1.02    2.28    2.48    2.99
2018 100    0.40    2.17    1.08    2.33    2.49    3.17
2018 101    0.50    2.34    1.10    2.39    2.46    3.26
2018 102    0.76    2.55    1.15    2.51    2.50    3.37
2018 103    0.83    2.52    1.24    2.80    2.62    3.56
2018 104    0.89    2.47    1.34    3.01    2.77    3.76
2018 105    0.92    2.43    1.36    3.18    2.89    4.01
2018 106    1.00    2.45    1.45    3.50    3.03    4.31
2018 107    1.03    2.44    1.46    3.58    3.09    4.39
2018 108    1.04    2.45    1.46    3.61    3.09    4.38
2018 109    1.08    2.51    1.48    3.58    3.10    4.55
2018 110    1.11    2.54    1.57    3.61    3.09    4.77
2018 111    1.20    2.58    1.62    3.78    3.14    4.91
2018 112    1.21    2.66    1.78    4.06    3.23    5.08
2018 113    1.29    2.79    1.95    4.42    3.37    5.49
2018 114    1.24    2.93    2.03    5.09    3.64    6.06
2018 115    1.24    2.99    2.09    6.16    4.29    6.64
2018 116    1.34    3.04    2.15    5.95    4.27    6.86
2018 117    1.40    3.20    2.25    5.53    3.97    6.94
2018 118    1.52    3.35    2.39    5.40    3.93    7.06
2018 119    1.61    3.47    2.46    5.42    3.94    7.24
2018 120    1.76    3.66    2.61    5.66    4.02    7.60
2018 121    1.85    3.92    2.91    6.06    4.24    7.86
2018 122    1.88    4.04    3.02    6.33    4.61    8.12
2018 123    1.91    4.11    3.07    6.59    4.83    8.44
2018 124    1.96    4.29    3.22    7.04    4.81    9.19
2018 125    2.05    4.49    3.34    7.56    4.84   10.04
2018 126    2.12    4.58    3.38    8.21    4.99   10.73
2018 127    2.32    4.76    3.50    8.76    5.14   11.34
2018 128    2.39    4.96    3.69    9.45    5.38   11.91
2018 129    2.27    5.12    3.76    9.69    5.74   12.14
2018 130    2.17    5.19    3.74    9.48    5.78   12.51
2018 131    2.16    5.26    3.88    9.38    5.71   12.65
2018 132    2.26    5.43    4.13    9.47    5.84   12.68
2018 133    2.48    5.67    4.34    9.54    6.08   12.63
2018 134    2.76    5.94    4.54    9.79    6.32   13.02
2018 135    2.75    6.23    4.71   10.40    6.61   13.51
2018 136    2.82    6.50    4.89   11.13    7.11   13.83
2018 137    2.81    6.66    5.00   11.62    7.67   14.43
2018 138    2.77    6.73    5.04   11.78    7.60   14.91
2018 139    2.90    6.98    5.20   12.29    7.53   15.40
2018 140    3.04    7.34    5.34   12.47    7.57   15.31
2018 141    3.25    7.80    5.62   12.72    7.65   15.39
2018 142    3.56    8.26    6.13   13.39    8.08   15.95
2018 143    3.88    8.62    6.59   13.77    8.42   16.41
2018 144    4.16    9.14    7.13   14.29    8.82   17.07
2018 145    4.56   10.05    7.75   15.18    9.33   17.56
2018 146    5.06   10.96    8.53   16.32   10.11   18.32
2018 147    5.37   11.37    9.23   17.67   11.11   18.88
2018 148    5.50   11.50    9.61   18.52   11.84   19.63
2018 149    5.47   11.36    9.58   18.67   12.29   19.94
2018 150    5.27   11.01    9.34   18.28   12.39   19.41
2018 151    4.81   10.76    9.12   17.80   12.58   18.84
2018 152    4.31   10.20    8.70   17.41   12.78   18.23
2018 153    3.98    9.64    8.25   16.94   12.55   17.72
2018 154    3.95    9.25    8.08   16.65   12.23   17.45
2018 155    4.01    9.14    7.94   16.37   11.84   17.21
2018 156    4.03    9.18    7.94   16.20   11.76   17.14
2018 157    4.07    9.24    8.11   16.22   11.95   17.19
2018 158    4.17    9.54    8.56   16.43   12.50   17.49
2018 159    4.36    9.99    8.99   16.81   13.17   17.72
2018 160    4.81   10.56    9.39   17.00   13.41   17.72
2018 161    5.24   11.14    9.76   16.97   13.47   17.44
2018 162    5.35   11.61   10.07   16.95   13.63   17.27
2018 163    5.42   12.16   10.19   17.09   13.86   17.56
2018 164    5.49   12.51   10.15   17.51   13.77   17.98
2018 165    5.58   12.84   10.05   17.78   13.52   18.31
2018 166    5.76   13.26   10.22   18.08   13.60   18.61
2018 167    6.06   13.84   10.69   18.67   14.23   19.27
2018 168    6.32   14.49   11.31   19.41   15.06   19.95
2018 169    6.52   14.74   11.86   19.79   15.52   20.24
2018 170    6.58   14.64   12.30   19.76   15.60   19.99
2018 171    6.59   14.76   12.62   19.63   15.80   19.81
2018 172    6.48   14.87   12.63   19.60   15.95   19.87
2018 173    6.49   15.00   12.74   19.86   16.07   20.04
2018 174    6.51   15.10   13.01   19.92   16.31   20.11
2018 175    6.45   15.29   13.19   19.88   16.55   19.86
2018 176    6.41   15.54   13.33   20.02   16.69   19.70
2018 177    6.67   16.21   13.82   20.56   17.00   20.48
2018 178    7.14   17.18   14.70   21.60   17.87   21.72
2018 179    7.50   17.96   15.57   22.34   19.01   22.52
2018 180    7.97   18.41   16.13   22.75   19.72   22.93
2018 181    8.32   18.64   16.90   23.36   20.90   23.38
2018 182    8.33   18.53   17.48   23.91   21.89   23.78
2018 183    8.27   18.41   17.63   24.13   22.39   24.09
2018 184    8.46   19.04   18.00   24.37   22.52   24.27
2018 185    8.65   19.85   18.62   24.94   22.78   24.50
2018 186    8.47   19.79   18.47   24.81   22.88   24.39
2018 187    8.42   19.44   17.50   23.88   22.14   23.75
2018 188    8.90   19.35   17.09   23.40   21.59   23.37
2018 189    9.46   19.44   17.20   23.40   21.67   23.42
2018 190    9.69   19.69   17.45   23.51   21.79   23.65
2018 191    9.73   19.99   17.61   23.55   21.82   23.64
2018 192    9.88   20.25   17.88   23.54   21.83   23.51
2018 193   10.14   20.55   18.13   23.65   21.88   23.52
2018 194   10.57   20.97   18.47   24.07   22.16   23.82
2018 195   10.91   21.43   19.00   24.45   22.57   24.07
2018 196   10.62   21.66   19.40   24.88   22.96   24.43
2018 197   10.10   21.73   19.35   24.95   23.10   24.36
2018 198    9.92   21.49   19.13   24.69   22.95   24.06
2018 199   10.19   21.30   19.09   24.47   22.70   23.91
2018 200   10.59   21.33   19.14   24.34   22.60   23.84
2018 201   11.01   21.33   19.20   24.31   22.63   23.82
2018 202   11.52   21.25   19.35   24.30   22.65   23.75
2018 203   12.05   21.11   19.56   24.28   22.62   23.57
2018 204   12.62   21.04   19.77   24.21   22.53   23.33
2018 205   12.84   21.10   19.96   24.19   22.40   23.28
2018 206   12.70   21.17   20.05   24.25   22.23   23.36
2018 207   12.57   21.10   20.06   24.16   22.07   23.21
2018 208   12.51   21.02   19.98   23.94   21.99   22.85
2018 209   12.54   21.03   19.91   23.81   21.91   22.64
2018 210   13.05   21.23   20.01   23.84   21.92   22.80
2018 211   13.67   21.55   20.28   23.96   22.06   22.98
2018 212   13.98   21.73   20.47   24.11   22.38   23.10
2018 213   13.80   21.88   20.63   24.29   22.83   23.30
2018 214   13.38   22.00   20.79   24.44   23.27   23.43
2018 215   13.27   22.16   20.99   24.50   23.52   23.67
2018 216   13.55   22.31   21.24   24.64   23.73   24.10
2018 217   13.95   22.42   21.48   24.87   24.03   24.42
2018 218   14.15   22.48   21.48   25.01   24.20   24.50
2018 219   14.35   22.55   21.46   24.95   24.14   24.58
2018 220   14.93   22.71   21.66   24.78   24.06   24.64
2018 221   15.64   22.89   21.83   24.72   24.07   24.70
2018 222   16.04   23.11   22.02   24.88   24.08   24.82
2018 223   16.41   23.28   22.18   25.07   24.18   24.91
2018 224   16.82   23.43   22.33   25.12   24.28   25.07
2018 225   16.98   23.57   22.52   25.07   24.29   25.21
2018 226   16.78   23.63   22.64   25.05   24.17   25.30
2018 227   16.54   23.63   22.68   24.98   24.11   25.30
2018 228   16.55   23.66   22.69   24.81   24.12   25.09
2018 229   16.61   23.60   22.57   24.57   23.95   24.78
2018 230   16.61   23.52   22.39   24.39   23.63   24.55
2018 231   16.61   23.50   22.41   24.23   23.49   24.39
2018 232   16.39   23.35   22.40   24.16   23.47   24.30
2018 233   16.04   22.92   22.07   24.02   23.31   24.08
2018 234   15.88   22.54   21.67   23.81   22.97   23.73
2018 235   15.90   22.32   21.40   23.72   22.77   23.49
2018 236   15.91   22.19   21.24   23.63   22.67   23.35
2018 237   15.94   21.96   21.16   23.68   22.70   23.30
2018 238   15.95   21.80   21.06   23.85   22.72   23.42
2018 239   15.86   21.79   21.08   24.15   22.86   23.98
2018 240   15.57   21.56   20.99   24.21   23.09   24.28
2018 241   15.34   21.18   20.67   24.19   23.09   24.36
2018 242   15.34   20.97   20.32   24.08   22.87   24.28
2018 243   15.45   20.92   20.25   24.01   22.76   24.24
2018 244   15.61   20.96   20.32   24.25   22.92   24.48
2018 245   15.70   20.95   20.44   24.60   23.23   24.78
2018 246   15.73   20.96   20.52   24.86   23.55   25.00
2018 247   15.73   21.06   20.68   25.27   23.96   25.46
2018 248   15.72   21.05   20.78   25.64   24.39   25.65
2018 249   15.75   20.91   20.67   25.61   24.39   25.52
2018 250   15.69   20.63   20.43   25.22   23.96   24.96
2018 251   15.56   20.31   20.15   24.62   23.46   23.99
2018 252   15.44   19.96   19.82   23.85   22.84   22.75
2018 253   15.39   19.74   19.47   23.01   22.16   21.43
2018 254   15.51   19.80   19.20   22.30   21.54   20.49
2018 255   15.70   19.91   19.19   22.09   21.22   20.22
2018 256   15.90   20.09   19.35   22.22   21.13   20.50
2018 257   16.04   20.34   19.78   22.46   21.42   21.10
2018 258   16.10   20.65   20.17   22.68   21.84   21.50
2018 259   16.21   20.94   20.39   22.87   22.08   21.77
2018 260   15.95   21.13   20.47   22.93   22.08   22.06
2018 261   15.44   21.01   20.25   22.95   21.98   22.22
2018 262   14.99   20.62   19.81   22.81   21.72   22.07
2018 263   14.31   20.29   19.40   22.71   21.32   21.83
2018 264   13.11   19.84   18.87   22.72   20.90   21.67
2018 265   12.38   19.29   18.14   22.31   20.26   20.97
2018 266   12.37   19.01   17.73   21.72   19.59   20.39
2018 267   12.04   18.88   17.51   21.47   19.30   20.20
2018 268   11.43   18.78   17.26   21.36   19.18   20.05
2018 269   10.87   18.53   16.87   21.06   18.81   19.68
2018 270   10.47   18.27   16.51   20.75   18.32   19.20
2018 271   10.20   17.96   16.24   20.61   18.07   18.78
2018 272    9.96   17.68   16.02   20.50   17.98   18.59
2018 273    9.81   17.67   15.86   20.34   17.87   18.61
2018 274    9.71   17.58   15.58   20.23   17.69   18.60
2018 275    9.63   17.36   15.23   20.05   17.31   18.44
2018 276    9.58   17.02   14.89   19.93   17.00   18.18
2018 277    9.42   16.65   14.65   19.81   16.78   17.75
2018 278    9.32   16.48   14.57   19.75   16.68   17.56
2018 279    9.18   16.42   14.69   19.89   16.82   17.86
2018 280    9.01   16.09   14.85   20.06   17.13   18.23
2018 281    8.60   15.77   15.08   20.25   17.47   18.86
2018 282    8.08   15.39   15.10   20.40   17.88   19.43
2018 283    7.84   15.03   14.78   20.32   17.88   19.12
2018 284    7.66   14.42   14.13   20.06   17.25   18.05
2018 285    7.48   13.74   13.45   19.47   16.28   17.01
2018 286    7.35   13.28   12.82   18.63   15.39   15.97
2018 287    7.26   12.97   12.50   18.10   14.92   15.16
2018 288    7.17   12.68   12.05   17.71   14.48   14.34
2018 289    7.16   12.55   11.60   17.10   13.92   13.62
2018 290    7.20   12.36   11.21   16.57   13.19   13.00
2018 291    7.23   12.27   10.97   16.00   12.45   12.29
2018 292    7.19   12.10   10.84   15.65   12.08   11.89
2018 293    7.01   11.67   10.57   15.21   11.70   11.16
2018 294    6.85   11.15   10.27   14.57   11.59   10.70
2018 295    6.78   10.89   10.02   13.98   11.45   10.22
2018 296    6.75   10.80    9.95   13.76   11.35   10.01
2018 297    6.72   10.70    9.86   13.68   11.31    9.80
2018 298    6.71   10.65    9.73   13.44   11.09    9.61
2018 299    6.71   10.68    9.67   13.30   10.92    9.59
2018 300    6.70   10.61    9.56   12.98   10.74    9.47
2018 301    6.67   10.45    9.44   12.63   10.53    9.34
2018 302    6.62   10.26    9.35   12.31   10.30    9.23
2018 303    6.59   10.22    9.28   12.25   10.27    9.17
2018 304    6.58   10.21    9.21   12.22   10.25    9.16
2018 305    6.51   10.14    9.16   12.10   10.17    9.12
2018 306    6.47   10.03    9.07   11.74    9.97    8.99
2018 307    6.44    9.98    8.94   11.45    9.78    8.87
2018 308    6.41    9.88    8.84   11.34    9.64    8.82
2018 309    6.37    9.62    8.83   11.33    9.55    8.79
2018 310    6.32    9.30    8.83   11.32    9.46    8.71
2018 311    6.25    9.02    8.79   11.24    9.33    8.56
2018 312    6.12    8.70    8.70   11.06    9.13    8.33
2018 313    5.98    8.20    8.32   10.56    8.84    7.56
2018 314    5.79    7.98    8.10   10.18    8.36    7.18
2018 315    5.63    7.68    7.83    9.86    8.13    6.78
2018 316    5.44    7.55    7.62    9.67    8.04    6.42
2018 317    5.34    7.43    7.43    9.51    7.92    6.09
2018 318    5.22    7.37    6.92    8.89    7.76    5.51
2018 319    5.20    7.35    6.72    8.52    7.56    5.47
2018 320    5.17    7.29    6.59    8.25    7.32    5.47
2018 321    5.10    7.19    6.49    7.87    7.01    5.46
2018 322    5.10    7.12    6.38    7.68    6.87    5.45
2018 323    5.06    7.08    6.26    7.55    6.74    5.43
2018 324    4.98    6.96    6.11    7.40    6.63    5.38
2018 325    4.88    6.85    5.97    7.24    6.47    5.00
2018 326    4.78    6.77    5.88    7.04    6.28    4.59
2018 327    4.73    6.70    5.76    6.93    6.14    4.32
2018 328    4.66    6.68    5.84    6.92    6.14    4.33
2018 329    4.62    6.65    5.81    6.88    6.14    4.39
2018 330    4.60    6.46    5.80    6.83    6.16    4.37
2018 331    4.57    6.35    5.71    6.73    6.14    4.28
2018 332    4.37    6.18    5.61    6.61    6.07    4.15
2018 333    4.21    5.71    5.47    6.49    6.03    3.88
2018 334    4.17    5.48    5.37    6.39    5.99    3.77
2018 335    4.10    5.29    5.31    6.43    5.97    3.93
2018 336    4.09    5.22    5.27    6.45    6.00    4.22
2018 337    4.06    5.11    5.23    6.35    5.93    4.09
2018 338    4.06    5.07    5.13    6.01    5.76    3.72
2018 339    4.14    5.08    5.01    5.70    5.74    3.43
2018 340    4.21    5.10    4.90    5.46    5.70    3.16
2018 341    4.15    5.07    4.80    5.29    5.65    2.99
2018 342    4.20    5.04    4.78    5.17    5.59    2.91
2018 343    4.22    5.04    4.74    5.07    5.58    2.97
2018 344    4.26    5.06    4.70    4.98    5.51    2.93
2018 345    4.29    5.08    4.69    4.93    5.44    2.98
2018 346    4.37    5.12    4.68    4.84    5.36    3.05
2018 347    4.40    5.16    4.68    4.75    5.35    3.08
2018 348    4.43    5.19    4.69    4.76    5.41    3.31
2018 349    4.49    5.23    4.72    4.80    5.37    3.47
2018 350    4.54    5.23    4.80    4.84    5.30    3.57
2018 351    4.49    5.15    4.79    4.80    5.22    3.65
2018 352    4.42    5.05    4.67    4.68    5.19    3.51
2018 353    4.39    5.06    4.55    4.64    5.23    3.38
2018 354    4.39    5.07    4.53    4.58    5.31    3.31
2018 355    4.34    5.06    4.55    4.59    5.30    3.35
2018 356    4.33    5.06    4.51    4.57    5.23    3.38
2018 357    4.31    4.98    4.42    4.53    5.15    3.39
2018 358    4.32    4.89    4.29    4.44    5.10    3.41
2018 359    4.31    4.75    4.21    4.32    5.02    3.41
2018 360    4.18    4.41    4.11    4.18    4.96    3.39
2018 361    3.99    4.17    3.98    4.10    4.88    3.29
2018 362    3.95    4.04    3.98    4.13    4.87    3.28
2018 363    3.70    4.03    3.95    4.07    4.76    3.25
2018 364    3.60    4.07    3.79    4.03    4.60    3.27
2018 365    3.53    4.07    3.77    4.01    4.51    3.28
