  Daily Lake Average Surface Water Temperature
                     From
 Great Lakes Surface Environmental Analysis maps
  
--------------------------------------------------------
               Surf. Water Temp. (degrees C)
   
Year Day    Sup.   Mich.   Huron    Erie    Ont.  St.Clr
--------------------------------------------------------
  
2007 001    3.95    4.85    4.33    5.09    5.72    4.17
2007 002    3.92    4.90    4.36    5.13    5.74    4.10
2007 003    3.90    4.94    4.36    5.13    5.79    4.00
2007 004    3.98    4.93    4.44    5.11    5.77    3.86
2007 005    3.97    4.87    4.44    5.08    5.73    3.91
2007 006    3.94    4.78    4.44    5.00    5.66    4.07
2007 007    3.90    4.73    4.44    4.94    5.57    4.15
2007 008    3.97    4.72    4.54    4.88    5.48    4.09
2007 009    3.77    4.62    4.25    4.78    5.21    3.98
2007 010    3.67    4.57    4.21    4.66    5.11    3.88
2007 011    3.57    4.53    4.16    4.55    5.03    3.79
2007 012    3.34    4.33    4.09    4.42    4.98    3.70
2007 013    3.06    4.21    3.94    4.19    4.78    3.43
2007 014    3.02    4.05    3.74    3.91    4.64    3.14
2007 015    2.99    3.96    3.59    3.67    4.41    2.79
2007 016    2.85    3.72    3.09    3.52    3.87    0.20
2007 017    2.86    3.68    3.05    3.41    3.80    0.20
2007 018    2.84    3.67    2.98    3.35    3.78    0.20
2007 019    2.06    1.88    1.75    2.40    3.06    0.20
2007 020    2.04    1.87    1.72    2.35    3.02    0.20
2007 021    2.03    1.84    1.68    2.26    2.99    0.20
2007 022    2.03    1.82    1.66    2.19    3.01    0.20
2007 023    2.01    1.78    1.60    2.07    2.98    0.20
2007 024    1.99    1.75    1.59    1.98    2.97    0.20
2007 025    2.30    2.81    2.13    1.96    3.22    0.20
2007 026    2.18    2.56    1.94    1.47    3.02    0.20
2007 027    2.15    2.51    1.89    1.40    2.98    0.20
2007 028    2.10    2.42    1.82    1.31    2.92    0.20
2007 029    1.96    2.25    1.74    1.28    2.89    0.20
2007 030    1.86    2.04    1.67    0.64    2.55    0.20
2007 031    1.83    2.00    1.57    0.63    2.53    0.20
2007 032    1.86    2.06    1.55    0.62    2.54    0.20
2007 033    1.63    1.77    1.32    0.20    2.44    0.20
2007 034    1.57    1.73    1.21    0.20    2.42    0.20
2007 035    1.52    1.69    1.16    0.20    2.37    0.20
2007 036    1.49    1.64    1.13    0.20    2.25    0.20
2007 037    1.21    1.46    0.97    0.20    2.18    0.20
2007 038    1.09    1.45    0.89    0.20    2.14    0.20
2007 039    1.07    1.47    0.91    0.20    2.11    0.20
2007 040    0.86    1.01    0.66    0.20    1.62    0.20
2007 041    0.85    0.99    0.66    0.20    1.58    0.20
2007 042    0.84    0.99    0.65    0.20    1.54    0.20
2007 043    0.82    0.98    0.62    0.20    1.37    0.20
2007 044    0.60    0.82    0.34    0.20    1.28    0.20
2007 045    0.58    0.80    0.33    0.20    1.24    0.20
2007 046    0.57    0.88    0.39    0.20    1.40    0.20
2007 047    0.56    0.84    0.30    0.20    1.05    0.20
2007 048    0.56    0.85    0.30    0.20    1.06    0.20
2007 049    0.55    0.86    0.30    0.20    1.05    0.20
2007 050    0.55    0.86    0.30    0.20    1.05    0.20
2007 051    0.65    1.10    0.42    0.20    1.09    0.20
2007 052    0.65    1.10    0.42    0.20    1.11    0.20
2007 053    0.74    1.29    0.53    0.20    1.79    0.20
2007 054    0.59    1.05    0.34    0.20    1.10    0.20
2007 055    0.60    1.05    0.34    0.20    1.07    0.20
2007 056    0.61    1.04    0.35    0.20    1.07    0.20
2007 057    0.61    1.03    0.35    0.20    1.08    0.20
2007 058    0.57    0.97    0.40    0.20    1.01    0.20
2007 059    0.56    0.97    0.40    0.20    1.01    0.20
2007 060    0.59    1.03    0.44    0.20    1.41    0.20
2007 061    0.41    0.64    0.36    0.20    0.64    0.20
2007 062    0.39    0.64    0.36    0.20    0.63    0.20
2007 063    0.39    0.65    0.36    0.20    0.62    0.20
2007 064    0.40    0.65    0.36    0.20    0.61    0.20
2007 065    0.46    0.65    0.25    0.20    0.64    0.20
2007 066    0.46    0.64    0.26    0.20    0.64    0.20
2007 067    0.55    0.68    0.25    0.20    1.13    0.20
2007 068    0.53    0.70    0.25    0.20    1.06    0.20
2007 069    0.54    0.71    0.25    0.20    1.08    0.20
2007 070    0.54    0.71    0.25    0.20    1.09    0.20
2007 071    0.56    0.75    0.25    0.20    1.07    0.20
2007 072    0.73    1.32    0.43    0.20    1.31    0.20
2007 073    0.70    1.27    0.42    0.20    1.29    0.20
2007 074    0.72    1.73    0.43    0.20    1.78    0.20
2007 075    0.65    1.61    0.35    0.20    1.63    0.20
2007 076    0.64    1.60    0.35    0.20    1.60    0.20
2007 077    0.65    1.65    0.35    0.20    1.59    0.20
2007 078    0.67    1.76    0.35    0.20    1.61    0.20
2007 079    0.64    1.87    0.39    0.20    1.64    0.20
2007 080    0.68    1.99    0.40    0.20    1.67    0.20
2007 081    0.81    2.27    0.56    0.54    1.98    0.20
2007 082    0.86    2.38    0.57    0.54    2.00    0.20
2007 083    0.92    2.70    0.57    0.64    2.01    0.20
2007 084    0.96    3.24    0.63    0.72    2.10    0.20
2007 085    0.95    3.45    0.70    0.78    2.22    0.20
2007 086    1.19    3.34    0.79    1.32    2.26    0.20
2007 087    1.18    3.01    0.76    1.24    2.23    0.20
2007 088    1.25    2.75    0.98    1.73    2.29    4.98
2007 089    1.22    2.66    0.84    1.73    2.27    5.13
2007 090    1.21    2.69    0.84    1.88    2.26    5.57
2007 091    1.19    2.70    0.84    2.06    2.25    5.89
2007 092    1.17    2.68    0.84    2.06    2.18    6.15
2007 093    1.08    2.57    0.75    2.12    2.20    6.06
2007 094    1.04    2.47    0.72    2.06    2.22    5.63
2007 095    1.05    2.32    1.03    2.66    2.36    5.20
2007 096    1.04    2.24    0.95    2.38    2.34    4.71
2007 097    1.03    2.26    0.93    2.25    2.35    4.43
2007 098    1.02    2.25    0.92    2.15    2.36    4.23
2007 099    1.02    2.22    0.89    2.06    2.37    4.03
2007 100    1.29    2.31    1.14    2.05    2.44    3.92
2007 101    1.34    2.43    1.20    2.11    2.51    3.97
2007 102    1.40    2.45    1.38    2.76    2.74    4.21
2007 103    1.41    2.47    1.38    2.85    2.90    4.26
2007 104    1.47    2.50    1.41    2.91    2.97    4.29
2007 105    1.54    2.58    1.50    3.08    3.03    4.43
2007 106    1.57    2.66    1.60    3.23    3.06    4.52
2007 107    1.83    3.03    1.83    3.52    3.18    4.81
2007 108    1.87    3.16    1.96    3.69    3.17    5.19
2007 109    2.02    3.41    2.16    3.88    3.22    5.76
2007 110    2.05    3.53    2.16    4.11    3.30    6.30
2007 111    2.05    3.61    2.24    4.55    3.35    7.01
2007 112    2.12    3.81    2.36    4.97    3.46    7.41
2007 113    2.13    3.84    2.51    5.16    3.50    7.62
2007 114    2.04    3.78    2.47    5.18    3.37    8.08
2007 115    2.04    3.87    2.56    5.29    3.39    8.47
2007 116    2.20    4.02    2.76    5.48    3.54    9.25
2007 117    2.29    4.12    2.85    5.67    3.71    9.95
2007 118    2.35    4.20    2.92    5.80    3.84   10.31
2007 119    2.43    4.34    3.00    5.94    3.97   10.65
2007 120    2.44    4.44    3.34    6.29    3.98   11.04
2007 121    2.51    4.50    3.41    6.55    4.10   11.34
2007 122    2.57    4.56    3.44    6.75    4.25   11.52
2007 123    2.72    4.69    3.62    6.91    4.30   11.61
2007 124    2.83    4.80    3.76    7.03    4.39   11.72
2007 125    2.88    4.86    3.81    7.21    4.56   11.73
2007 126    2.94    4.89    3.81    7.44    4.72   11.79
2007 127    3.16    5.02    4.04    7.93    4.86   12.11
2007 128    3.36    5.29    4.35    8.61    5.16   12.77
2007 129    3.42    5.66    4.64    9.07    5.38   13.32
2007 130    3.60    5.75    4.90    9.42    5.69   13.72
2007 131    3.52    5.73    4.96    9.74    5.89   13.67
2007 132    3.37    5.69    4.82    9.68    5.80   13.47
2007 133    3.31    5.68    4.81    9.60    5.77   13.41
2007 134    3.47    5.78    4.96    9.70    5.90   13.35
2007 135    3.46    5.88    5.16    9.98    6.13   13.18
2007 136    3.32    5.93    5.28   10.04    6.23   12.98
2007 137    3.26    6.00    5.29   10.02    6.16   12.74
2007 138    3.27    6.10    5.34   10.10    6.22   12.68
2007 139    3.34    6.30    5.47   10.26    6.44   12.84
2007 140    3.44    6.56    5.56   10.62    6.72   12.98
2007 141    3.62    6.96    5.74   11.15    6.99   13.13
2007 142    3.89    7.40    6.13   11.89    7.51   13.54
2007 143    3.97    7.59    6.64   13.20    8.32   14.47
2007 144    3.93    7.83    7.23   14.44    9.45   15.40
2007 145    3.78    7.99    7.31   14.68   10.07   15.79
2007 146    3.73    8.14    7.22   14.49   10.10   16.06
2007 147    3.91    8.43    7.25   14.36   10.00   16.30
2007 148    4.16    9.16    7.46   14.48   10.08   16.49
2007 149    4.41    9.96    8.02   15.09   10.64   16.87
2007 150    4.76   10.20    8.79   16.02   11.44   17.58
2007 151    5.00   10.45    9.21   16.75   12.13   18.14
2007 152    5.15   10.92    9.35   17.77   12.96   19.03
2007 153    5.13   11.19    9.59   18.76   14.03   19.73
2007 154    5.13   11.20    9.60   18.58   13.95   19.64
2007 155    5.06   11.04    9.41   17.74   12.85   19.07
2007 156    4.97   10.82    9.09   16.91   11.72   18.54
2007 157    5.08   10.91    9.00   16.35   10.93   18.27
2007 158    5.43   11.48    9.39   16.52   11.00   18.58
2007 159    5.35   11.58    9.67   16.73   11.45   19.00
2007 160    5.47   11.74    9.93   16.79   11.61   19.38
2007 161    5.98   12.43   10.63   17.34   12.12   19.86
2007 162    6.37   13.54   11.28   18.09   13.06   20.19
2007 163    6.76   14.82   11.86   18.75   13.98   20.28
2007 164    6.94   15.71   12.57   19.22   14.63   20.46
2007 165    7.31   16.43   13.20   19.45   14.79   20.89
2007 166    7.59   16.94   13.64   19.47   15.17   21.24
2007 167    7.60   17.27   13.90   19.83   15.75   21.56
2007 168    7.36   17.34   13.97   20.38   16.20   21.85
2007 169    7.11   16.96   14.14   20.71   16.58   21.86
2007 170    6.70   16.22   13.80   20.50   16.60   21.67
2007 171    6.37   15.90   13.31   20.10   16.23   21.40
2007 172    6.25   15.99   13.21   20.02   16.09   21.40
2007 173    6.42   16.29   13.32   19.98   16.04   21.36
2007 174    6.75   16.66   13.69   20.02   16.17   21.35
2007 175    7.09   17.07   14.29   20.30   16.78   21.53
2007 176    7.23   17.59   15.07   20.91   17.44   22.11
2007 177    7.33   18.10   15.62   21.50   18.17   22.65
2007 178    7.33   18.17   15.72   21.87   18.50   22.73
2007 179    7.23   17.68   15.43   21.62   18.23   22.11
2007 180    7.29   17.28   15.30   21.43   18.02   21.68
2007 181    7.43   17.27   15.30   21.40   17.88   21.48
2007 182    7.58   17.27   15.31   21.22   17.76   21.35
2007 183    7.86   17.34   15.45   21.08   17.64   21.34
2007 184    8.31   17.68   15.80   21.19   17.76   21.58
2007 185    8.80   18.02   16.26   21.29   18.03   21.74
2007 186    9.05   18.18   16.51   21.39   18.32   21.83
2007 187    9.28   18.31   16.65   21.64   18.51   22.08
2007 188    9.51   18.59   16.85   21.96   18.63   22.50
2007 189    9.82   18.79   16.97   22.19   18.85   22.79
2007 190   10.17   18.99   17.12   22.49   19.26   23.09
2007 191    9.77   18.89   17.21   22.70   19.60   23.26
2007 192    8.92   18.54   16.77   22.43   19.26   23.08
2007 193    8.55   18.35   16.47   22.13   18.83   22.76
2007 194    8.55   18.26   16.42   22.01   18.65   22.40
2007 195    8.82   18.24   16.36   21.86   18.41   21.95
2007 196    9.06   18.26   16.26   21.68   18.19   21.59
2007 197    9.80   18.60   16.59   21.74   18.46   21.66
2007 198   10.90   19.07   17.11   21.72   18.98   21.64
2007 199   11.55   19.14   17.32   21.67   19.53   21.59
2007 200   11.37   18.82   17.11   21.59   19.49   21.48
2007 201   11.28   18.64   16.89   21.50   19.26   21.36
2007 202   11.78   18.80   17.13   21.63   19.38   21.34
2007 203   12.77   19.20   17.73   21.86   19.78   21.51
2007 204   14.11   19.61   18.27   22.08   20.21   21.69
2007 205   15.38   20.06   18.75   22.29   20.55   22.03
2007 206   15.97   20.45   19.19   22.54   20.83   22.46
2007 207   16.05   20.71   19.44   22.70   21.23   22.78
2007 208   16.05   20.91   19.68   22.89   21.59   23.00
2007 209   16.42   21.10   20.03   23.02   21.93   23.20
2007 210   16.70   21.37   20.50   23.17   22.24   23.58
2007 211   16.95   21.81   21.01   23.45   22.81   24.04
2007 212   17.20   22.28   21.55   23.89   23.30   24.56
2007 213   16.97   22.59   21.82   24.46   23.76   24.95
2007 214   16.44   22.61   21.72   24.80   24.02   25.17
2007 215   16.12   22.54   21.38   24.81   23.83   25.33
2007 216   16.04   22.45   21.02   24.68   23.47   25.27
2007 217   16.08   22.39   20.84   24.56   23.22   25.04
2007 218   16.20   22.44   20.84   24.50   23.11   24.93
2007 219   16.48   22.60   20.96   24.54   22.96   25.12
2007 220   16.83   22.67   21.02   24.64   22.85   25.16
2007 221   17.02   22.70   21.08   24.62   22.87   24.88
2007 222   17.23   22.83   21.19   24.50   22.90   24.61
2007 223   17.30   22.96   21.17   24.51   22.97   24.56
2007 224   17.03   22.86   20.95   24.49   22.83   24.53
2007 225   16.82   22.69   20.71   24.29   22.51   24.34
2007 226   16.60   22.48   20.47   24.10   22.23   24.07
2007 227   16.31   22.24   20.28   24.00   22.01   23.79
2007 228   15.99   22.07   20.10   23.91   21.70   23.58
2007 229   15.50   21.88   19.64   23.59   21.19   23.30
2007 230   15.22   21.76   19.30   23.40   20.90   23.10
2007 231   15.11   21.67   19.07   23.34   20.76   23.12
2007 232   15.13   21.43   18.80   23.25   20.75   23.16
2007 233   15.16   21.14   18.62   22.94   20.49   23.00
2007 234   15.31   21.02   18.72   22.80   20.22   22.82
2007 235   15.48   20.95   18.82   23.06   20.43   22.88
2007 236   15.64   20.87   18.84   23.14   20.63   22.90
2007 237   15.79   20.81   18.88   22.93   20.57   22.83
2007 238   15.91   20.88   18.94   22.84   20.43   22.80
2007 239   16.08   20.96   19.08   23.05   20.51   22.93
2007 240   16.13   20.99   19.20   23.38   20.96   23.20
2007 241   16.13   20.92   19.18   23.66   21.49   23.47
2007 242   16.14   20.83   19.08   23.43   21.37   23.25
2007 243   16.15   20.86   19.08   23.00   21.05   22.81
2007 244   16.19   20.94   19.15   22.83   20.89   22.61
2007 245   16.23   20.99   19.20   22.81   20.76   22.57
2007 246   16.20   21.13   19.28   22.86   20.75   22.64
2007 247   16.29   21.38   19.29   23.09   20.82   22.82
2007 248   16.53   21.55   19.31   23.57   21.06   23.13
2007 249   16.59   21.47   19.24   23.87   21.40   23.24
2007 250   16.18   21.13   18.98   23.85   21.58   23.13
2007 251   15.75   20.89   18.72   23.51   21.32   22.84
2007 252   15.49   20.76   18.63   23.07   20.91   22.40
2007 253   15.14   20.47   18.47   22.58   20.46   21.88
2007 254   14.58   20.00   18.09   22.04   19.91   21.13
2007 255   13.62   19.49   17.72   21.68   19.36   20.48
2007 256   12.90   19.12   17.52   21.53   19.18   20.08
2007 257   12.42   18.73   17.30   21.42   19.14   19.79
2007 258   12.13   18.21   16.93   21.13   18.96   19.34
2007 259   12.05   17.89   16.62   20.75   18.67   18.84
2007 260   12.10   17.77   16.51   20.59   18.56   18.55
2007 261   12.06   17.77   16.60   20.62   18.63   18.76
2007 262   12.01   17.74   16.70   20.72   18.78   19.35
2007 263   11.92   17.70   16.67   20.69   18.88   19.64
2007 264   11.90   17.66   16.68   20.62   18.92   19.88
2007 265   11.94   17.61   16.68   20.65   18.88   20.18
2007 266   12.25   17.66   16.76   20.70   18.86   20.41
2007 267   12.62   17.72   16.87   20.79   18.89   20.65
2007 268   12.50   17.53   16.87   20.86   18.94   20.71
2007 269   12.06   17.25   16.66   20.75   18.87   20.44
2007 270   11.87   17.10   16.50   20.61   18.70   20.16
2007 271   11.83   17.04   16.44   20.50   18.55   19.89
2007 272   11.87   17.04   16.40   20.44   18.49   19.65
2007 273   11.81   17.04   16.47   20.45   18.47   19.69
2007 274   11.67   17.00   16.57   20.44   18.39   19.79
2007 275   11.73   16.91   16.61   20.45   18.37   19.81
2007 276   11.84   16.83   16.60   20.36   18.32   19.69
2007 277   11.88   16.90   16.72   20.48   18.46   19.84
2007 278   11.89   17.19   17.01   20.92   19.02   20.46
2007 279   12.02   17.56   17.28   21.23   19.13   20.89
2007 280   12.24   17.75   17.63   21.57   18.91   21.45
2007 281   11.76   17.60   17.79   21.74   18.74   21.74
2007 282   11.19   17.18   17.59   21.48   18.46   21.44
2007 283   10.88   16.92   17.25   21.05   18.17   20.88
2007 284   10.55   16.50   16.69   20.64   17.83   20.00
2007 285   10.31   15.94   16.09   19.98   17.37   18.84
2007 286   10.19   15.55   15.55   19.21   16.87   17.77
2007 287   10.17   15.39   15.10   18.76   16.30   17.28
2007 288   10.16   15.26   14.81   18.65   15.99   17.27
2007 289   10.14   15.04   14.58   18.35   15.71   16.92
2007 290   10.10   14.82   14.41   18.02   15.64   16.50
2007 291    9.98   14.70   14.29   17.82   15.54   16.16
2007 292    9.87   14.55   14.23   17.64   15.41   15.93
2007 293    9.81   14.44   14.20   17.56   15.29   15.83
2007 294    9.81   14.41   14.19   17.53   15.29   15.77
2007 295    9.81   14.32   14.14   17.51   15.36   15.73
2007 296    9.80   14.18   14.00   17.27   15.22   15.33
2007 297    9.67   13.90   13.76   16.77   14.94   14.61
2007 298    9.61   13.70   13.61   16.45   14.77   14.10
2007 299    9.57   13.57   13.49   16.22   14.59   13.81
2007 300    9.42   13.35   13.19   15.88   14.16   13.36
2007 301    9.23   13.16   12.88   15.67   13.78   13.03
2007 302    9.12   13.00   12.60   15.35   13.44   12.64
2007 303    9.05   12.84   12.36   15.17   13.22   12.35
2007 304    8.85   12.58   12.08   15.01   13.03   12.04
2007 305    8.59   12.25   11.76   14.74   12.70   11.82
2007 306    8.43   12.00   11.59   14.52   12.47   11.63
2007 307    8.34   11.80   11.44   14.35   12.27   11.48
2007 308    8.29   11.77   11.32   14.21   12.06   11.37
2007 309    8.24   11.73   11.18   14.05   11.85   11.14
2007 310    8.16   11.64   11.14   13.98   11.64   10.86
2007 311    8.01   11.41   11.00   13.83   11.37   10.78
2007 312    7.81   11.08   10.72   13.55   11.12   10.57
2007 313    7.63   10.57   10.36   13.05   10.73   10.01
2007 314    7.49   10.26   10.06   12.54   10.35    9.43
2007 315    7.40   10.13    9.89   12.23   10.23    8.97
2007 316    7.34    9.99    9.74   12.05   10.23    8.96
2007 317    7.25    9.90    9.65   11.91   10.12    8.91
2007 318    7.13    9.72    9.43   11.81    9.97    8.79
2007 319    7.01    9.59    9.28   11.64    9.76    8.41
2007 320    6.93    9.41    9.13   11.37    9.50    7.73
2007 321    6.91    9.19    8.96   11.01    9.25    6.99
2007 322    6.89    8.95    8.81   10.56    9.12    6.39
2007 323    6.82    8.75    8.72   10.15    9.03    5.90
2007 324    6.69    8.52    8.64    9.67    9.00    5.42
2007 325    6.53    8.35    8.49    9.39    8.88    5.27
2007 326    6.38    8.24    8.27    9.35    8.61    5.37
2007 327    6.22    8.07    8.04    9.31    8.33    5.40
2007 328    6.16    8.03    7.92    9.01    8.08    5.21
2007 329    6.13    7.92    7.78    8.83    8.05    4.96
2007 330    6.06    7.81    7.70    8.64    7.91    4.78
2007 331    5.98    7.69    7.58    8.34    7.65    4.45
2007 332    5.93    7.47    7.38    8.06    7.32    4.22
2007 333    5.78    7.13    6.95    7.79    6.92    4.10
2007 334    5.56    6.62    6.73    7.55    6.62    4.01
2007 335    5.13    6.44    6.33    7.39    6.40    4.15
2007 336    5.00    6.35    6.16    7.25    6.31    4.17
2007 337    4.85    6.14    5.89    6.92    6.07    3.58
2007 338    4.77    5.95    5.64    6.51    5.87    3.26
2007 339    4.70    5.72    5.40    6.17    5.68    2.97
2007 340    4.52    5.59    5.19    5.89    5.46    2.65
2007 341    4.35    5.48    5.13    5.77    5.47    2.64
2007 342    4.27    5.38    5.01    5.58    5.45    2.56
2007 343    3.50    4.78    3.46    4.25    5.02    0.21
2007 344    3.47    4.70    3.42    4.12    5.01    0.21
2007 345    3.60    4.67    3.62    3.71    4.73    0.20
2007 346    3.58    4.64    3.58    3.63    4.65    0.20
2007 347    3.49    4.61    3.17    3.50    4.66    0.20
2007 348    3.46    4.58    3.14    3.40    4.60    0.20
2007 349    3.39    4.54    3.11    3.27    4.53    0.20
2007 350    3.37    4.43    3.09    3.09    4.44    0.20
2007 351    3.36    4.35    3.05    2.98    4.36    0.20
2007 352    3.02    3.83    2.56    1.93    4.20    0.20
2007 353    3.02    3.81    2.56    1.91    4.16    0.20
2007 354    3.32    4.15    3.05    2.87    4.16    0.20
2007 355    3.31    4.10    3.03    2.87    4.13    0.20
2007 356    3.31    4.06    3.03    2.80    4.09    0.20
2007 357    3.30    4.01    2.99    2.71    4.00    0.20
2007 358    3.30    4.00    2.98    2.62    3.90    0.20
2007 359    3.11    3.74    2.51    2.30    3.82    0.20
2007 360    3.06    3.75    2.50    2.28    3.74    0.20
2007 361    3.11    3.70    2.59    2.35    3.47    0.20
2007 362    3.01    3.68    2.55    2.30    3.39    0.20
2007 363    2.96    3.64    2.51    2.27    3.35    0.20
2007 364    2.93    3.59    2.48    2.22    3.30    0.20
2007 365    2.77    3.54    2.48    2.09    3.32    0.20
